    0.00     0.00     0.00     0.00 
   -0.26    -0.36    -0.36    -0.25 
   -0.39    -0.52    -0.52    -0.39 
   -0.39    -0.51    -0.51    -0.38 
   -0.28    -0.36    -0.37    -0.27 
   -0.08    -0.12    -0.12    -0.08 
    0.18     0.22     0.21     0.18 
    0.49     0.62     0.62     0.50 
    0.85     1.09     1.08     0.86 
    1.25     1.62     1.62     1.25 
    1.67     2.24     2.23     1.68 
    2.11     2.99     2.99     2.11 
    0.56    55.56     1.22     1.62 
   -0.41    55.79    -0.18     0.70 
   -1.11    55.69    -1.15     0.03 
   -1.52    55.20    -1.69    -0.40 
   -1.67    54.27    -1.89    -0.61 
   -1.55    52.62    -1.76    -0.65 
   -1.13    49.94    -1.30    -0.53 
   -0.13    44.73    -0.21    -0.22 
    4.80     6.52     6.63     4.80 
    3.53     4.72     4.77     3.53 
    2.33     3.09     3.10     2.34 
    1.35     1.74     1.74     1.35 
    0.57     0.70     0.69     0.57 
    0.04     0.02     0.02     0.05 
   -0.26    -0.36    -0.36    -0.26 
   -0.39    -0.52    -0.52    -0.39 
   -0.39    -0.51    -0.51    -0.38 
   -0.28    -0.36    -0.37    -0.27 
   -0.08    -0.12    -0.12    -0.08 
    0.18     0.22     0.21     0.18 
    0.49     0.62     0.62     0.50 
    0.85     1.09     1.08     0.86 
    1.25     1.62     1.62     1.25 
    1.67     2.24     2.23     1.68 
    2.11     2.99     2.99     2.11 
    1.65     1.14    55.69     0.50 
    0.69    -0.20    55.79    -0.41 
    0.02    -1.14    55.69    -1.10 
   -0.40    -1.68    55.20    -1.51 
   -0.61    -1.88    54.27    -1.66 
   -0.65    -1.76    52.62    -1.54 
   -0.54    -1.30    49.94    -1.12 
   -0.23    -0.21    44.72    -0.13 
    4.78     6.61     6.60     4.80 
    3.50     4.77     4.76     3.51 
    2.38     3.15     3.14     2.38 
    1.35     1.75     1.74     1.36 
    0.57     0.70     0.70     0.57 
    0.04     0.02     0.02     0.05 
   -0.26    -0.36    -0.36    -0.26 
   -0.39    -0.52    -0.52    -0.39 
   -0.39    -0.51    -0.51    -0.38 
   -0.28    -0.36    -0.37    -0.27 
   -0.08    -0.12    -0.12    -0.08 
    0.18     0.22     0.21     0.18 
    0.49     0.62     0.62     0.50 
    0.85     1.09     1.08     0.86 
    1.25     1.62     1.62     1.25 
    1.67     2.24     2.23     1.68 
    2.11     2.99     2.99     2.11 
    0.57    55.57     1.22     1.61 
   -0.41    55.79    -0.18     0.70 
   -1.11    55.69    -1.15     0.03 
   -1.52    55.20    -1.69    -0.40 
   -1.67    54.27    -1.89    -0.61 
   -1.55    52.62    -1.76    -0.65 
   -1.13    49.94    -1.30    -0.53 
   -0.13    44.73    -0.21    -0.22 
    4.80     6.52     6.63     4.79 
    3.53     4.72     4.77     3.53 
    2.33     3.09     3.10     2.34 
    1.35     1.74     1.74     1.35 
    0.57     0.70     0.69     0.57 
    0.04     0.02     0.02     0.05 
   -0.26    -0.36    -0.36    -0.26 
   -0.39    -0.52    -0.52    -0.39 
   -0.39    -0.51    -0.51    -0.38 
   -0.28    -0.36    -0.37    -0.27 
   -0.08    -0.12    -0.12    -0.08 
    0.18     0.22     0.21     0.18 
    0.49     0.62     0.62     0.50 
    0.85     1.09     1.08     0.86 
    1.25     1.62     1.62     1.25 
    1.67     2.24     2.23     1.68 
    2.11     2.99     2.99     2.11 
    1.65     1.14    55.69     0.50 
    0.69    -0.20    55.79    -0.41 
    0.02    -1.14    55.69    -1.10 
   -0.40    -1.68    55.20    -1.51 
   -0.61    -1.88    54.27    -1.66 
   -0.65    -1.76    52.62    -1.54 
   -0.54    -1.30    49.94    -1.12 
   -0.23    -0.21    44.72    -0.13 
    4.78     6.61     6.60     4.80 
    3.50     4.77     4.76     3.51 
    2.38     3.15     3.14     2.38 
    1.35     1.75     1.74     1.36 
    0.57     0.70     0.70     0.57 
    0.04     0.02     0.02     0.05 
   -0.26    -0.36    -0.36    -0.26 
   -0.39    -0.52    -0.52    -0.39 
   -0.39    -0.51    -0.51    -0.38 
   -0.28    -0.36    -0.37    -0.27 
   -0.08    -0.12    -0.12    -0.08 
    0.18     0.22     0.21     0.18 
    0.49     0.62     0.62     0.50 
    0.85     1.09     1.08     0.86 
    1.25     1.62     1.62     1.25 
    1.67     2.24     2.23     1.68 
    2.11     2.99     2.99     2.11 
    0.56    55.56     1.21     1.62 
   -0.41    55.79    -0.18     0.70 
   -1.11    55.69    -1.15     0.03 
   -1.52    55.20    -1.69    -0.40 
   -1.67    54.27    -1.89    -0.61 
   -1.55    52.62    -1.76    -0.65 
   -1.13    49.94    -1.30    -0.53 
   -0.13    44.73    -0.21    -0.22 
    4.80     6.52     6.63     4.80 
    3.53     4.72     4.77     3.53 
    2.33     3.09     3.10     2.34 
    1.35     1.74     1.74     1.35 
    0.57     0.70     0.69     0.57 
    0.04     0.02     0.02     0.05 
   -0.26    -0.36    -0.36    -0.26 
   -0.39    -0.52    -0.52    -0.39 
   -0.39    -0.51    -0.51    -0.38 
   -0.28    -0.36    -0.37    -0.27 
   -0.08    -0.12    -0.12    -0.08 
    0.18     0.22     0.21     0.18 
    0.49     0.62     0.62     0.50 
    0.85     1.09     1.08     0.86 
    1.25     1.62     1.62     1.25 
    1.67     2.24     2.23     1.68 
    2.11     2.99     2.99     2.11 
    1.65     1.14    55.69     0.50 
    0.69    -0.20    55.79    -0.41 
    0.02    -1.14    55.69    -1.10 
   -0.40    -1.68    55.20    -1.51 
   -0.61    -1.88    54.27    -1.66 
   -0.65    -1.76    52.62    -1.54 
   -0.54    -1.30    49.94    -1.12 
   -0.23    -0.21    44.72    -0.13 
    4.78     6.61     6.60     4.80 
    3.50     4.77     4.76     3.51 
    2.38     3.15     3.14     2.38 
    1.35     1.75     1.74     1.36 
    0.57     0.70     0.70     0.57 
    0.04     0.02     0.02     0.05 
   -0.26    -0.36    -0.36    -0.26 
   -0.39    -0.52    -0.52    -0.39 
   -0.39    -0.51    -0.51    -0.38 
   -0.28    -0.36    -0.37    -0.27 
   -0.08    -0.12    -0.12    -0.08 
    0.18     0.22     0.21     0.18 
    0.49     0.62     0.62     0.50 
    0.85     1.09     1.08     0.86 
    1.25     1.62     1.62     1.25 
    1.67     2.24     2.23     1.68 
    2.11     2.99     2.99     2.11 
    0.56    55.56     1.21     1.61 
   -0.41    55.79    -0.19     0.70 
   -1.11    55.69    -1.15     0.03 
   -1.52    55.20    -1.69    -0.40 
   -1.67    54.27    -1.89    -0.61 
   -1.55    52.62    -1.76    -0.65 
   -1.13    49.94    -1.30    -0.53 
   -0.13    44.73    -0.21    -0.22 
    4.80     6.52     6.63     4.80 
    3.53     4.72     4.77     3.53 
    2.33     3.09     3.10     2.34 
    1.35     1.74     1.74     1.35 
    0.57     0.70     0.69     0.57 
    0.04     0.02     0.02     0.05 
   -0.26    -0.36    -0.36    -0.26 
   -0.39    -0.52    -0.52    -0.39 
   -0.39    -0.51    -0.51    -0.38 
   -0.28    -0.36    -0.37    -0.27 
   -0.08    -0.12    -0.12    -0.08 
    0.18     0.22     0.21     0.18 
    0.49     0.62     0.62     0.50 
    0.85     1.09     1.08     0.86 
    1.25     1.62     1.62     1.25 
    1.67     2.24     2.23     1.68 
    2.11     2.99     2.99     2.11 
    1.65     1.14    55.69     0.50 
    0.69    -0.20    55.79    -0.41 
    0.02    -1.14    55.69    -1.10 
   -0.40    -1.68    55.20    -1.51 
   -0.61    -1.88    54.27    -1.66 
   -0.65    -1.76    52.62    -1.54 
   -0.54    -1.30    49.94    -1.12 
   -0.23    -0.21    44.72    -0.13 
    4.78     6.61     6.60     4.80 
    3.50     4.77     4.76     3.51 
    2.38     3.15     3.14     2.38 
    1.35     1.75     1.74     1.36 
    0.57     0.70     0.70     0.57 
    0.04     0.02     0.02     0.05 
   -0.26    -0.36    -0.36    -0.26 
   -0.39    -0.52    -0.52    -0.39 
   -0.39    -0.51    -0.51    -0.38 
   -0.28    -0.36    -0.37    -0.27 
   -0.08    -0.12    -0.12    -0.08 
    0.18     0.22     0.21     0.18 
    0.49     0.62     0.62     0.50 
    0.85     1.09     1.08     0.86 
    1.25     1.62     1.62     1.25 
    1.67     2.24     2.23     1.68 
    2.11     2.99     2.99     2.11 
    0.57    55.56     1.22     1.62 
   -0.41    55.79    -0.18     0.70 
   -1.11    55.69    -1.15     0.03 
   -1.52    55.20    -1.69    -0.40 
   -1.67    54.27    -1.89    -0.61 
   -1.55    52.62    -1.76    -0.65 
   -1.13    49.94    -1.30    -0.53 
   -0.13    44.73    -0.21    -0.22 
    4.80     6.52     6.63     4.79 
    3.53     4.72     4.77     3.53 
    2.33     3.09     3.10     2.34 
    1.35     1.74     1.74     1.35 
    0.57     0.70     0.69     0.57 
    0.04     0.02     0.02     0.05 
   -0.26    -0.36    -0.36    -0.26 
   -0.39    -0.52    -0.52    -0.39 
   -0.39    -0.51    -0.51    -0.38 
   -0.28    -0.36    -0.37    -0.27 
   -0.08    -0.12    -0.12    -0.08 
    0.18     0.22     0.21     0.18 
    0.49     0.62     0.62     0.50 
    0.85     1.09     1.08     0.86 
    1.25     1.62     1.62     1.25 
    1.67     2.24     2.23     1.68 
    2.11     2.99     2.99     2.11 
    1.65     1.14    55.69     0.50 
    0.69    -0.20    55.79    -0.41 
    0.02    -1.14    55.69    -1.10 
   -0.40    -1.68    55.20    -1.51 
   -0.61    -1.88    54.27    -1.66 
   -0.65    -1.76    52.62    -1.54 
   -0.54    -1.30    49.94    -1.12 
   -0.23    -0.21    44.72    -0.13 
    4.78     6.61     6.60     4.80 
    3.50     4.77     4.76     3.51 
    2.38     3.15     3.14     2.38 
    1.35     1.75     1.74     1.36 
    0.57     0.70     0.70     0.57 
    0.04     0.02     0.02     0.05 
   -0.26    -0.36    -0.36    -0.26 
   -0.39    -0.52    -0.52    -0.39 
   -0.39    -0.51    -0.51    -0.38 
   -0.28    -0.36    -0.37    -0.27 
   -0.08    -0.12    -0.12    -0.08 
    0.18     0.22     0.21     0.18 
    0.49     0.62     0.62     0.50 
    0.85     1.09     1.08     0.86 
    1.25     1.62     1.62     1.25 
    1.67     2.24     2.23     1.68 
    2.11     2.99     2.99     2.11 
    0.56    55.56     1.21     1.62 
   -0.41    55.79    -0.18     0.70 
   -1.11    55.69    -1.15     0.03 
   -1.52    55.20    -1.69    -0.40 
   -1.67    54.27    -1.89    -0.61 
   -1.55    52.62    -1.76    -0.65 
   -1.13    49.94    -1.30    -0.53 
   -0.13    44.73    -0.21    -0.22 
    4.80     6.52     6.63     4.80 
    3.53     4.72     4.77     3.53 
    2.33     3.09     3.10     2.34 
    1.35     1.74     1.74     1.35 
    0.57     0.70     0.69     0.57 
    0.04     0.02     0.02     0.05 
   -0.26    -0.36    -0.36    -0.26 
   -0.39    -0.52    -0.52    -0.39 
   -0.39    -0.51    -0.51    -0.38 
   -0.28    -0.36    -0.37    -0.27 
   -0.08    -0.12    -0.12    -0.08 
    0.18     0.22     0.21     0.18 
    0.49     0.62     0.62     0.50 
    0.85     1.09     1.08     0.86 
    1.25     1.62     1.62     1.25 
    1.67     2.24     2.23     1.68 
    2.11     2.99     2.99     2.11 
    1.65     1.14    55.69     0.50 
    0.69    -0.20    55.79    -0.41 
    0.02    -1.14    55.69    -1.10 
   -0.40    -1.68    55.20    -1.51 
   -0.61    -1.88    54.27    -1.66 
   -0.65    -1.76    52.62    -1.54 
   -0.54    -1.30    49.94    -1.12 
   -0.23    -0.21    44.72    -0.13 
    4.78     6.61     6.60     4.80 
    3.50     4.77     4.76     3.51 
    2.38     3.15     3.14     2.38 
    1.35     1.75     1.74     1.36 
    0.57     0.70     0.70     0.57 
    0.04     0.02     0.02     0.05 
   -0.26    -0.36    -0.36    -0.26 
   -0.39    -0.52    -0.52    -0.39 
   -0.39    -0.51    -0.51    -0.38 
   -0.28    -0.36    -0.37    -0.27 
   -0.08    -0.12    -0.12    -0.08 
    0.18     0.22     0.21     0.18 
    0.49     0.62     0.62     0.50 
    0.85     1.09     1.08     0.86 
    1.25     1.62     1.62     1.25 
    1.67     2.24     2.23     1.68 
    2.11     2.99     2.99     2.11 
    0.57    55.57     1.22     1.61 
   -0.41    55.79    -0.18     0.70 
   -1.11    55.69    -1.15     0.03 
   -1.52    55.20    -1.69    -0.40 
   -1.67    54.27    -1.89    -0.61 
   -1.55    52.62    -1.76    -0.65 
   -1.13    49.94    -1.30    -0.53 
   -0.13    44.73    -0.21    -0.22 
    4.80     6.52     6.63     4.79 
    3.53     4.72     4.77     3.53 
    2.33     3.09     3.10     2.34 
    1.35     1.74     1.74     1.35 
    0.57     0.70     0.69     0.57 
    0.04     0.02     0.02     0.05 
   -0.26    -0.36    -0.36    -0.26 
   -0.39    -0.52    -0.52    -0.39 
   -0.39    -0.51    -0.51    -0.38 
   -0.28    -0.36    -0.37    -0.27 
   -0.08    -0.12    -0.12    -0.08 
    0.18     0.22     0.21     0.18 
    0.49     0.62     0.62     0.50 
    0.85     1.09     1.08     0.86 
    1.25     1.62     1.62     1.25 
    1.67     2.24     2.23     1.68 
    2.11     2.99     2.99     2.11 
    1.65     1.14    55.69     0.50 
    0.69    -0.20    55.79    -0.41 
    0.02    -1.14    55.69    -1.10 
   -0.40    -1.68    55.20    -1.51 
   -0.61    -1.88    54.27    -1.66 
   -0.65    -1.76    52.62    -1.54 
   -0.54    -1.30    49.94    -1.12 
   -0.23    -0.21    44.72    -0.13 
    4.78     6.61     6.59     4.80 
    3.50     4.77     4.76     3.51 
    2.38     3.15     3.14     2.38 
    1.35     1.75     1.74     1.36 
    0.57     0.70     0.70     0.57 
    0.04     0.02     0.02     0.05 
   -0.26    -0.36    -0.36    -0.26 
   -0.39    -0.52    -0.52    -0.39 
   -0.39    -0.51    -0.51    -0.38 
   -0.28    -0.36    -0.37    -0.27 
   -0.08    -0.12    -0.12    -0.08 
    0.18     0.22     0.21     0.18 
    0.49     0.62     0.62     0.50 
    0.85     1.09     1.08     0.86 
    1.25     1.62     1.62     1.25 
    1.67     2.24     2.23     1.68 
    2.11     2.99     2.99     2.11 
    0.57    55.57     1.22     1.61 
   -0.41    55.79    -0.18     0.70 
   -1.11    55.69    -1.15     0.03 
   -1.52    55.20    -1.69    -0.40 
   -1.67    54.27    -1.89    -0.61 
   -1.55    52.62    -1.76    -0.65 
   -1.13    49.94    -1.30    -0.53 
   -0.13    44.73    -0.21    -0.22 
    4.80     6.52     6.63     4.79 
    3.53     4.72     4.77     3.53 
    2.33     3.09     3.10     2.34 
    1.35     1.74     1.74     1.35 
    0.57     0.70     0.69     0.57 
    0.04     0.02     0.02     0.05 
   -0.26    -0.36    -0.36    -0.26 
   -0.39    -0.52    -0.52    -0.39 
   -0.39    -0.51    -0.51    -0.38 
   -0.28    -0.36    -0.37    -0.27 
   -0.08    -0.12    -0.12    -0.08 
    0.18     0.22     0.21     0.18 
    0.49     0.62     0.62     0.50 
    0.85     1.09     1.08     0.86 
    1.25     1.62     1.62     1.25 
    1.67     2.24     2.23     1.68 
    2.11     2.99     2.99     2.11 
    1.65     1.14    55.69     0.50 
    0.69    -0.20    55.79    -0.41 
    0.02    -1.14    55.69    -1.10 
   -0.40    -1.68    55.20    -1.51 
   -0.61    -1.88    54.27    -1.66 
   -0.65    -1.76    52.62    -1.54 
   -0.54    -1.30    49.94    -1.12 
   -0.23    -0.21    44.72    -0.13 
    4.78     6.61     6.59     4.80 
    3.50     4.77     4.76     3.51 
    2.38     3.15     3.14     2.38 
    1.35     1.75     1.74     1.36 
    0.57     0.70     0.70     0.57 
    0.04     0.02     0.02     0.05 
   -0.26    -0.36    -0.36    -0.26 
   -0.39    -0.52    -0.52    -0.39 
   -0.39    -0.51    -0.51    -0.38 
   -0.28    -0.36    -0.37    -0.27 
   -0.08    -0.12    -0.12    -0.08 
    0.18     0.22     0.21     0.18 
    0.49     0.62     0.62     0.50 
    0.85     1.09     1.08     0.86 
    1.25     1.62     1.62     1.25 
    1.67     2.24     2.23     1.68 
    2.11     2.99     2.99     2.11 
    0.56    55.56     1.21     1.62 
   -0.41    55.79    -0.18     0.70 
   -1.11    55.69    -1.15     0.03 
   -1.52    55.20    -1.69    -0.40 
   -1.67    54.27    -1.89    -0.61 
   -1.55    52.62    -1.76    -0.65 
   -1.13    49.94    -1.30    -0.53 
   -0.13    44.73    -0.21    -0.22 
    4.80     6.52     6.63     4.80 
    3.53     4.72     4.77     3.53 
    2.33     3.09     3.10     2.34 
    1.35     1.74     1.74     1.35 
    0.57     0.70     0.69     0.57 
    0.04     0.02     0.02     0.05 
   -0.26    -0.36    -0.36    -0.26 
   -0.39    -0.52    -0.52    -0.39 
   -0.39    -0.51    -0.51    -0.38 
   -0.28    -0.36    -0.37    -0.27 
   -0.08    -0.12    -0.12    -0.08 
    0.18     0.22     0.21     0.18 
    0.49     0.62     0.62     0.50 
    0.85     1.09     1.08     0.86 
    1.25     1.62     1.62     1.25 
    1.67     2.24     2.23     1.68 
    2.11     2.99     2.99     2.11 
    1.65     1.14    55.69     0.50 
    0.69    -0.20    55.79    -0.41 
    0.02    -1.14    55.69    -1.10 
   -0.40    -1.68    55.20    -1.51 
   -0.61    -1.88    54.27    -1.66 
   -0.65    -1.76    52.62    -1.54 
   -0.54    -1.30    49.94    -1.12 
   -0.23    -0.21    44.72    -0.13 
    4.78     6.61     6.60     4.80 
    3.50     4.77     4.76     3.51 
    2.38     3.15     3.14     2.38 
    1.35     1.75     1.74     1.36 
    0.57     0.70     0.70     0.57 
    0.04     0.02     0.02     0.05 
   -0.26    -0.36    -0.36    -0.26 
   -0.39    -0.52    -0.52    -0.39 
   -0.39    -0.51    -0.51    -0.38 
   -0.28    -0.36    -0.37    -0.27 
   -0.08    -0.12    -0.12    -0.08 
    0.18     0.22     0.21     0.18 
    0.49     0.62     0.62     0.50 
    0.85     1.09     1.08     0.86 
    1.25     1.62     1.62     1.25 
    1.67     2.24     2.23     1.68 
    2.11     2.99     2.99     2.11 
    0.57    55.57     1.22     1.61 
   -0.41    55.79    -0.18     0.70 
   -1.11    55.69    -1.15     0.03 
   -1.52    55.20    -1.69    -0.40 
   -1.67    54.27    -1.89    -0.61 
   -1.55    52.62    -1.76    -0.65 
   -1.13    49.94    -1.30    -0.53 
   -0.13    44.73    -0.21    -0.22 
    4.80     6.52     6.63     4.79 
    3.53     4.72     4.77     3.53 
    2.33     3.09     3.10     2.34 
    1.35     1.74     1.74     1.35 
    0.57     0.70     0.69     0.57 
    0.04     0.02     0.02     0.05 
   -0.26    -0.36    -0.36    -0.26 
   -0.39    -0.52    -0.52    -0.39 
   -0.39    -0.51    -0.51    -0.38 
   -0.28    -0.36    -0.37    -0.27 
   -0.08    -0.12    -0.12    -0.08 
    0.18     0.22     0.21     0.18 
    0.49     0.62     0.62     0.50 
    0.85     1.09     1.08     0.86 
    1.25     1.62     1.62     1.25 
    1.67     2.24     2.23     1.68 
    2.11     2.99     2.99     2.11 
    1.65     1.14    55.69     0.50 
    0.69    -0.20    55.79    -0.41 
    0.02    -1.14    55.69    -1.10 
   -0.40    -1.68    55.20    -1.51 
   -0.61    -1.88    54.27    -1.66 
   -0.65    -1.76    52.62    -1.54 
   -0.54    -1.30    49.94    -1.12 
   -0.23    -0.21    44.72    -0.13 
    4.78     6.61     6.60     4.80 
    3.50     4.77     4.76     3.51 
    2.38     3.15     3.14     2.38 
    1.35     1.75     1.74     1.36 
    0.57     0.70     0.70     0.57 
    0.04     0.02     0.02     0.05 
