    0.00     0.00     0.00     0.00
    0.55     0.69     0.68     0.56
    1.30     1.66     1.66     1.31
    2.29     2.96     2.95     2.29
    3.52     4.72     4.72     3.53
    4.80     6.60     6.59     4.81
    6.07     8.62     8.61     6.08
    7.16    10.78    10.78     7.17
    7.83    13.28    13.27     7.84
    1.68    54.22     1.88     0.61
    1.52    55.21     1.67     0.39
    1.11    55.70     1.14     0.03
    0.43    55.80     0.24     0.68
    0.56    55.56     1.20     1.61
    1.80    55.05     3.11     2.76
    3.22    54.30     5.60     4.07
    4.16    53.29     9.60     5.41
    1.00    49.24    49.21     0.98
    1.29    51.26    51.24     1.28
    1.40    52.82    52.81     1.40
    1.30    53.90    53.90     1.29
    0.93    54.54    54.53     0.92
    0.27    54.82    54.81     0.26
    0.70    54.81    54.81     0.70
    2.02    54.57    54.56     2.02
    3.80    54.11    54.11     3.80
    5.95    53.48    53.48     5.96
    8.79    52.67    52.67     8.80
    6.94    52.37    50.61    19.66
    1.35    52.27    51.58    51.89
    1.26    53.31    52.61    52.96
    0.94    54.03    53.33    53.78
    0.33    54.41    53.75    54.30
    0.62    54.51    53.94    54.59
    2.03    54.34    53.93    54.69
    4.31    53.89    53.77    54.67
    8.45    52.94    53.45    54.56
   48.73    48.74    48.75    48.72
   50.21    49.97    49.96    50.21
   51.55    51.12    51.12    51.55
   52.66    52.09    52.09    52.66
   53.50    52.84    52.83    53.51
   54.09    53.33    53.33    54.09
   54.44    53.61    53.61    54.45
   54.60    53.70    53.70    54.61
   54.61    53.64    53.64    54.61
   54.48    53.45    53.45    54.49
   54.26    53.16    53.15    54.26
   53.96    52.77    52.77    53.96
   53.59    52.31    52.30    53.60
   53.18    51.76    51.76    53.19
   52.75    51.13    51.13    52.75
   52.32    50.37    50.37    52.32
   52.48     2.83    51.63    50.92
   53.78     3.15    52.90    52.20
   54.76     3.23    53.94    53.30
   55.44     3.00    54.62    54.07
   55.83     2.38    54.99    54.57
   55.94     1.28    55.05    54.82
   55.70     0.79    54.78    54.85
   55.03     4.39    54.06    54.68
   47.03    47.69    47.50    47.03
   48.68    48.75    48.75    48.70
   50.21    49.97    49.96    50.20
   51.54    51.12    51.11    51.55
   52.66    52.09    52.09    52.66
   53.50    52.84    52.83    53.51
   54.09    53.33    53.33    54.09
   54.44    53.61    53.61    54.45
   54.60    53.70    53.70    54.61
   54.61    53.64    53.64    54.61
   54.48    53.45    53.45    54.49
   54.26    53.16    53.15    54.26
   53.96    52.77    52.77    53.96
   53.59    52.31    52.30    53.60
   53.18    51.76    51.76    53.19
   52.75    51.13    51.13    52.75
   52.32    50.37    50.37    52.32
   52.48     2.83    51.66    50.92
   53.78     3.15    52.90    52.20
   54.76     3.23    53.94    53.30
   55.44     3.00    54.62    54.07
   55.83     2.38    54.99    54.57
   55.94     1.28    55.05    54.82
   55.70     0.79    54.78    54.85
   55.03     4.39    54.06    54.68
   47.00    47.49    47.51    47.08
   48.66    48.74    48.74    48.72
   50.21    49.97    49.96    50.19
   51.54    51.12    51.12    51.55
   52.66    52.09    52.09    52.66
   53.50    52.84    52.83    53.51
   54.09    53.33    53.33    54.09
   54.44    53.61    53.61    54.45
   54.60    53.70    53.70    54.61
   54.61    53.64    53.64    54.61
   54.48    53.45    53.45    54.49
   54.26    53.16    53.15    54.26
   53.96    52.77    52.77    53.96
   53.59    52.31    52.30    53.60
   53.18    51.76    51.76    53.19
   52.75    51.13    51.13    52.75
   52.32    50.37    50.37    52.32
   52.48     2.83    51.63    50.92
   53.78     3.15    52.90    52.20
   54.76     3.23    53.94    53.30
   55.44     3.00    54.62    54.07
   55.83     2.38    54.99    54.57
   55.94     1.28    55.05    54.82
   55.70     0.79    54.78    54.85
   55.03     4.39    54.06    54.68
   47.03    47.69    47.50    47.03
   48.68    48.75    48.75    48.70
   50.21    49.97    49.96    50.20
   51.54    51.12    51.11    51.55
   52.66    52.09    52.09    52.66
   53.50    52.84    52.83    53.51
   54.09    53.33    53.33    54.09
   54.44    53.61    53.61    54.45
   54.60    53.70    53.70    54.61
   54.61    53.64    53.64    54.61
   54.48    53.45    53.45    54.49
   54.26    53.16    53.15    54.26
   53.96    52.77    52.77    53.96
   53.59    52.31    52.30    53.60
   53.18    51.76    51.76    53.19
   52.75    51.13    51.13    52.75
   52.32    50.37    50.37    52.32
   52.48     2.83    51.66    50.92
   53.78     3.15    52.90    52.20
   54.76     3.23    53.94    53.30
   55.44     3.00    54.62    54.07
   55.83     2.38    54.99    54.57
   55.94     1.28    55.05    54.82
   55.70     0.79    54.78    54.85
   55.03     4.39    54.06    54.68
   47.00    47.49    47.51    47.08
   48.66    48.74    48.74    48.72
   50.21    49.97    49.96    50.19
   51.54    51.12    51.12    51.55
   52.66    52.09    52.09    52.66
   53.50    52.84    52.83    53.51
   54.09    53.33    53.33    54.09
   54.44    53.61    53.61    54.45
   54.60    53.70    53.70    54.61
   54.61    53.64    53.64    54.61
   54.48    53.45    53.45    54.49
   54.26    53.16    53.15    54.26
   53.96    52.77    52.77    53.96
   53.59    52.31    52.30    53.60
   53.18    51.76    51.76    53.19
   52.75    51.13    51.13    52.75
   52.32    50.37    50.37    52.32
   52.48     2.83    51.63    50.92
   53.78     3.15    52.90    52.20
   54.76     3.23    53.94    53.30
   55.44     3.00    54.62    54.07
   55.83     2.38    54.99    54.57
   55.94     1.28    55.05    54.82
   55.70     0.79    54.78    54.85
   55.03     4.39    54.06    54.68
   47.03    47.69    47.50    47.03
   48.68    48.75    48.75    48.70
   50.21    49.97    49.96    50.20
   51.54    51.12    51.11    51.55
   52.66    52.09    52.09    52.66
   53.50    52.84    52.83    53.51
   54.09    53.33    53.33    54.09
   54.44    53.61    53.61    54.45
   54.60    53.70    53.70    54.61
   54.61    53.64    53.64    54.61
   54.48    53.45    53.45    54.49
   54.26    53.16    53.15    54.26
   53.96    52.77    52.77    53.96
   53.59    52.31    52.30    53.60
   53.18    51.76    51.76    53.19
   52.75    51.13    51.13    52.75
   52.32    50.37    50.37    52.32
   52.48     2.83    51.66    50.92
   53.78     3.15    52.90    52.20
   54.76     3.23    53.94    53.30
   55.44     3.00    54.62    54.07
   55.83     2.38    54.99    54.57
   55.94     1.28    55.05    54.82
   55.70     0.79    54.78    54.85
   55.03     4.39    54.06    54.68
   47.00    47.49    47.51    47.08
   48.66    48.74    48.74    48.72
   50.21    49.97    49.96    50.19
   51.54    51.12    51.12    51.55
   52.66    52.09    52.09    52.66
   53.50    52.84    52.83    53.51
   54.09    53.33    53.33    54.09
   54.44    53.61    53.61    54.45
   54.60    53.70    53.70    54.61
   54.61    53.64    53.64    54.61
   54.48    53.45    53.45    54.49
   54.26    53.16    53.15    54.26
   53.96    52.77    52.77    53.96
   53.59    52.31    52.30    53.60
   53.18    51.76    51.76    53.19
   52.75    51.13    51.13    52.75
   52.32    50.37    50.37    52.32
   52.48     2.83    51.63    50.92
   53.78     3.15    52.90    52.20
   54.76     3.23    53.94    53.30
   55.44     3.00    54.62    54.07
   55.83     2.38    54.99    54.57
   55.94     1.28    55.05    54.82
   55.70     0.79    54.78    54.85
   55.03     4.39    54.06    54.68
   47.03    47.69    47.50    47.03
   48.68    48.75    48.75    48.70
   50.21    49.97    49.96    50.20
   51.54    51.12    51.11    51.55
   52.66    52.09    52.09    52.66
   53.50    52.84    52.83    53.51
   54.09    53.33    53.33    54.09
   54.44    53.61    53.61    54.45
   54.60    53.70    53.70    54.61
   54.61    53.64    53.64    54.61
   54.48    53.45    53.45    54.49
   54.26    53.16    53.15    54.26
   53.96    52.77    52.77    53.96
   53.59    52.31    52.30    53.60
   53.18    51.76    51.76    53.19
   52.75    51.13    51.13    52.75
   52.32    50.37    50.37    52.32
   52.48     2.83    51.65    50.92
   53.78     3.15    52.90    52.20
   54.76     3.23    53.94    53.30
   55.44     3.00    54.62    54.07
   55.83     2.38    54.99    54.57
   55.94     1.28    55.05    54.82
   55.70     0.79    54.78    54.85
   55.03     4.39    54.06    54.68
   47.00    47.49    47.51    47.08
   48.66    48.74    48.74    48.72
   50.21    49.97    49.96    50.19
   51.54    51.12    51.12    51.55
   52.66    52.09    52.09    52.66
   53.50    52.84    52.83    53.51
   54.09    53.33    53.33    54.09
   54.44    53.61    53.61    54.45
   54.60    53.70    53.70    54.61
   54.61    53.64    53.64    54.61
   54.48    53.45    53.45    54.49
   54.26    53.16    53.15    54.26
   53.96    52.77    52.77    53.96
   53.59    52.31    52.30    53.60
   53.18    51.76    51.76    53.19
   52.75    51.13    51.13    52.75
   52.32    50.37    50.37    52.32
   52.48     2.83    51.63    50.92
   53.78     3.15    52.90    52.20
   54.76     3.23    53.94    53.30
   55.44     3.00    54.62    54.07
   55.83     2.38    54.99    54.57
   55.94     1.28    55.05    54.82
   55.70     0.79    54.78    54.85
   55.03     4.39    54.06    54.68
   47.03    47.69    47.50    47.03
   48.68    48.75    48.75    48.70
   50.21    49.97    49.96    50.20
   51.54    51.12    51.11    51.55
   52.66    52.09    52.09    52.66
   53.50    52.84    52.83    53.51
   54.09    53.33    53.33    54.09
   54.44    53.61    53.61    54.45
   54.60    53.70    53.70    54.61
   54.61    53.64    53.64    54.61
   54.48    53.45    53.45    54.49
   54.26    53.16    53.15    54.26
   53.96    52.77    52.77    53.96
   53.59    52.31    52.30    53.60
   53.18    51.76    51.76    53.19
   52.75    51.13    51.13    52.75
   52.32    50.37    50.37    52.32
   52.48     2.83    51.66    50.92
   53.78     3.15    52.90    52.20
   54.76     3.23    53.94    53.30
   55.44     3.00    54.62    54.07
   55.83     2.38    54.99    54.57
   55.94     1.28    55.05    54.82
   55.70     0.79    54.78    54.85
   55.03     4.39    54.06    54.68
   47.00    47.49    47.51    47.08
   48.66    48.74    48.74    48.72
   50.21    49.97    49.96    50.19
   51.54    51.12    51.12    51.55
   52.66    52.09    52.09    52.66
   53.50    52.84    52.83    53.51
   54.09    53.33    53.33    54.09
   54.44    53.61    53.61    54.45
   54.60    53.70    53.70    54.61
   54.61    53.64    53.64    54.61
   54.48    53.45    53.45    54.49
   54.26    53.16    53.15    54.26
   53.96    52.77    52.77    53.96
   53.59    52.31    52.30    53.60
   53.18    51.76    51.76    53.19
   52.75    51.13    51.13    52.75
   52.32    50.37    50.37    52.32
   52.48     2.83    51.63    50.92
   53.78     3.15    52.90    52.20
   54.76     3.23    53.94    53.30
   55.44     3.00    54.62    54.07
   55.83     2.38    54.99    54.57
   55.94     1.28    55.05    54.82
   55.70     0.79    54.78    54.85
   55.03     4.39    54.06    54.68
   47.03    47.69    47.50    47.03
   48.68    48.75    48.75    48.70
   50.21    49.97    49.96    50.20
   51.54    51.12    51.11    51.55
   52.66    52.09    52.09    52.66
   53.50    52.84    52.83    53.51
   54.09    53.33    53.33    54.09
   54.44    53.61    53.61    54.45
   54.60    53.70    53.70    54.61
   54.61    53.64    53.64    54.61
   54.48    53.45    53.45    54.49
   54.26    53.16    53.15    54.26
   53.96    52.77    52.77    53.96
   53.59    52.31    52.30    53.60
   53.18    51.76    51.76    53.19
   52.75    51.13    51.13    52.75
   52.32    50.37    50.37    52.32
   52.48     2.83    51.66    50.92
   53.78     3.15    52.90    52.20
   54.76     3.23    53.94    53.30
   55.44     3.00    54.62    54.07
   55.83     2.38    54.99    54.57
   55.94     1.28    55.05    54.82
   55.70     0.79    54.78    54.85
   55.03     4.39    54.06    54.68
   47.00    47.49    47.51    47.08
   48.66    48.74    48.74    48.72
   50.21    49.97    49.96    50.19
   51.54    51.12    51.12    51.55
   52.66    52.09    52.09    52.66
   53.50    52.84    52.83    53.51
   54.09    53.33    53.33    54.09
   54.44    53.61    53.61    54.45
   54.60    53.70    53.70    54.61
   54.61    53.64    53.64    54.61
   54.48    53.45    53.45    54.49
   54.26    53.16    53.15    54.26
   53.96    52.77    52.77    53.96
   53.59    52.31    52.30    53.60
   53.18    51.76    51.76    53.19
   52.75    51.13    51.13    52.75
   52.32    50.37    50.37    52.32
   52.48     2.83    51.63    50.92
   53.78     3.15    52.90    52.20
   54.76     3.23    53.94    53.30
   55.44     3.00    54.62    54.07
   55.83     2.38    54.99    54.57
   55.94     1.28    55.05    54.82
   55.70     0.79    54.78    54.85
   55.03     4.39    54.06    54.68
   47.03    47.69    47.50    47.03
   48.68    48.75    48.75    48.70
   50.21    49.97    49.96    50.20
   51.54    51.12    51.11    51.55
   52.66    52.09    52.09    52.66
   53.50    52.84    52.83    53.51
   54.09    53.33    53.33    54.09
   54.44    53.61    53.61    54.45
   54.60    53.70    53.70    54.61
   54.61    53.64    53.64    54.61
   54.48    53.45    53.45    54.49
   54.26    53.16    53.15    54.26
   53.96    52.77    52.77    53.96
   53.59    52.31    52.30    53.60
   53.18    51.76    51.76    53.19
   52.75    51.13    51.13    52.75
   52.32    50.37    50.37    52.32
   52.48     2.82    51.63    50.92
   53.78     3.15    52.90    52.20
   54.76     3.23    53.94    53.30
   55.44     3.00    54.62    54.07
   55.83     2.38    54.99    54.57
   55.94     1.28    55.05    54.82
   55.70     0.79    54.78    54.85
   55.03     4.39    54.06    54.68
   47.00    47.49    47.51    47.08
   48.66    48.74    48.74    48.72
   50.21    49.97    49.96    50.19
   51.54    51.12    51.12    51.55
   52.66    52.09    52.09    52.66
   53.50    52.84    52.83    53.51
   54.09    53.33    53.33    54.09
   54.44    53.61    53.61    54.45
   54.60    53.70    53.70    54.61
   54.61    53.64    53.64    54.61
   54.48    53.45    53.45    54.49
   54.26    53.16    53.15    54.26
   53.96    52.77    52.77    53.96
   53.59    52.31    52.30    53.60
   53.18    51.76    51.76    53.19
   52.75    51.13    51.13    52.75
   52.32    50.37    50.37    52.32
   52.48     2.83    51.63    50.92
   53.78     3.15    52.90    52.20
   54.76     3.23    53.94    53.30
   55.44     3.00    54.62    54.07
   55.83     2.38    54.99    54.57
   55.94     1.28    55.05    54.82
   55.70     0.79    54.78    54.85
   55.03     4.39    54.06    54.68
   47.03    47.69    47.50    47.03
   48.68    48.75    48.75    48.70
   50.21    49.97    49.96    50.20
   51.54    51.12    51.11    51.55
   52.66    52.09    52.09    52.66
   53.50    52.84    52.83    53.51
   54.09    53.33    53.33    54.09
   54.44    53.61    53.61    54.45
   54.60    53.70    53.70    54.61
   54.61    53.64    53.64    54.61
   54.48    53.45    53.45    54.49
   54.26    53.16    53.15    54.26
   53.96    52.77    52.77    53.96
   53.59    52.31    52.30    53.60
   53.18    51.76    51.76    53.19
   52.75    51.13    51.13    52.75
   52.32    50.37    50.37    52.32
   52.48     2.83    51.66    50.92
   53.78     3.15    52.90    52.20
   54.76     3.23    53.94    53.30
   55.44     3.00    54.62    54.07
   55.83     2.38    54.99    54.57
   55.94     1.28    55.05    54.82
   55.70     0.79    54.78    54.85
   55.03     4.39    54.06    54.68
   47.00    47.49    47.51    47.08
   48.66    48.74    48.74    48.72
   50.21    49.97    49.96    50.19
   51.54    51.12    51.12    51.55
   52.66    52.09    52.09    52.66
   53.50    52.84    52.83    53.51
   54.09    53.33    53.33    54.09
   54.44    53.61    53.61    54.45
   54.60    53.70    53.70    54.61
   54.61    53.64    53.64    54.61
   54.48    53.45    53.45    54.49
   54.26    53.16    53.15    54.26
   53.96    52.77    52.77    53.96
   53.59    52.31    52.30    53.60
   53.18    51.76    51.76    53.19
   52.75    51.13    51.13    52.75
   52.32    50.37    50.37    52.32
   52.48     2.83    51.63    50.92
   53.78     3.15    52.90    52.20
   54.76     3.23    53.94    53.30
   55.44     3.00    54.62    54.07
   55.83     2.38    54.99    54.57
   55.94     1.28    55.05    54.82
   55.70     0.79    54.78    54.85
   55.03     4.39    54.06    54.68
   47.03    47.69    47.50    47.03
   48.68    48.75    48.75    48.70
   50.21    49.97    49.96    50.20
   51.54    51.12    51.11    51.55
   52.66    52.09    52.09    52.66
   53.50    52.84    52.83    53.51
   54.09    53.33    53.33    54.09
   54.44    53.61    53.61    54.45
   54.60    53.70    53.70    54.61
   54.61    53.64    53.64    54.61
   54.48    53.45    53.45    54.49
   54.26    53.16    53.15    54.26
   53.96    52.77    52.77    53.96
   53.59    52.31    52.30    53.60
   53.18    51.76    51.76    53.19
   52.75    51.13    51.13    52.75
   52.32    50.37    50.37    52.32
   52.48     2.83    51.66    50.92
   53.78     3.15    52.90    52.20
   54.76     3.23    53.94    53.30
   55.44     3.00    54.62    54.07
   55.83     2.38    54.99    54.57
   55.94     1.28    55.05    54.82
   55.70     0.79    54.78    54.85
   55.03     4.39    54.06    54.68
   47.00    47.49    47.51    47.08
   48.66    48.74    48.74    48.72
   50.21    49.97    49.96    50.19
   51.54    51.12    51.12    51.55
   52.66    52.09    52.09    52.66
   53.50    52.84    52.83    53.51
   54.09    53.33    53.33    54.09
   54.44    53.61    53.61    54.45
   54.60    53.70    53.70    54.61
   54.61    53.64    53.64    54.61
   54.48    53.45    53.45    54.49
   54.26    53.16    53.15    54.26
   53.96    52.77    52.77    53.96
   53.59    52.31    52.30    53.60
   53.18    51.76    51.76    53.19
