    0.00     0.00     0.00     0.00
    0.92     1.00     1.00     0.92
    1.84     1.99     1.99     1.84
    2.76     2.98     2.98     2.76
    3.68     3.95     3.95     3.68
    4.59     4.90     4.90     4.59
    5.50     5.83     5.83     5.50
    6.39     6.74     6.74     6.39
    7.27     7.61     7.61     7.27
    8.13     8.46     8.46     8.13
    8.96     9.28     9.28     8.96
    9.78    10.07    10.07     9.78
   10.57    10.83    10.83    10.57
   11.33    11.57    11.57    11.33
   12.06    12.28    12.28    12.06
   12.76    12.97    12.97    12.76
   13.41    13.64    13.64    13.41
   14.00    14.33    14.33    14.00
   14.57    14.98    14.98    14.57
    5.50     5.82     5.81     5.50
    4.60     4.89     4.89     4.60
    3.69     3.94     3.94     3.69
    2.78     2.97     2.97     2.77
    1.86     1.98     1.99     1.85
    0.93     0.99     1.00     0.93
    0.05     0.04     0.03     0.05
    0.92     1.00     1.00     0.92
    1.84     1.99     1.99     1.84
    2.76     2.98     2.98     2.76
    3.68     3.95     3.95     3.68
    4.59     4.90     4.90     4.59
    5.50     5.83     5.83     5.50
    6.39     6.74     6.73     6.39
    7.27     7.61     7.61     7.27
    8.13     8.46     8.46     8.13
    8.96     9.28     9.28     8.96
    9.78    10.07    10.07     9.78
   10.57    10.83    10.83    10.57
   11.33    11.57    11.57    11.33
   12.06    12.28    12.28    12.06
   12.76    12.97    12.97    12.76
   13.41    13.64    13.64    13.41
   14.00    14.33    14.33    14.00
   14.57    14.98    14.98    14.57
    5.51     5.82     5.82     5.50
    4.60     4.89     4.89     4.60
    3.69     3.94     3.94     3.69
    2.78     2.97     2.97     2.77
    1.86     1.98     1.99     1.85
    0.93     0.99     1.00     0.93
    0.05     0.04     0.03     0.05
    0.92     1.00     1.00     0.92
    1.84     1.99     1.99     1.84
    2.76     2.98     2.98     2.76
    3.68     3.95     3.95     3.68
    4.59     4.90     4.90     4.59
    5.50     5.83     5.83     5.50
    6.39     6.74     6.74     6.39
    7.27     7.61     7.61     7.27
    8.13     8.46     8.46     8.13
    8.96     9.28     9.28     8.96
    9.78    10.07    10.07     9.78
   10.57    10.83    10.83    10.57
   11.33    11.57    11.57    11.33
   12.06    12.28    12.28    12.06
   12.76    12.97    12.97    12.76
   13.41    13.64    13.64    13.41
   14.00    14.33    14.33    14.00
   14.57    14.98    14.98    14.57
    5.50     5.82     5.81     5.50
    4.60     4.89     4.89     4.60
    3.69     3.94     3.94     3.69
    2.78     2.97     2.97     2.77
    1.86     1.98     1.99     1.85
    0.93     0.99     1.00     0.93
    0.05     0.04     0.03     0.05
    0.92     1.00     1.00     0.92
    1.84     1.99     1.99     1.84
    2.76     2.98     2.98     2.76
    3.68     3.95     3.95     3.68
    4.59     4.90     4.90     4.59
    5.50     5.83     5.83     5.50
    6.39     6.74     6.73     6.39
    7.27     7.61     7.61     7.27
    8.13     8.46     8.46     8.13
    8.96     9.28     9.28     8.96
    9.78    10.07    10.07     9.78
   10.57    10.83    10.83    10.57
   11.33    11.57    11.57    11.33
   12.06    12.28    12.28    12.06
   12.76    12.97    12.97    12.76
   13.41    13.64    13.64    13.41
   14.00    14.33    14.33    14.00
   14.57    14.98    14.98    14.57
    5.51     5.82     5.82     5.50
    4.60     4.89     4.89     4.60
    3.69     3.94     3.94     3.69
    2.78     2.97     2.97     2.77
    1.86     1.98     1.99     1.85
    0.93     0.99     1.00     0.93
    0.05     0.04     0.03     0.05
    0.92     1.00     1.00     0.92
    1.84     1.99     1.99     1.84
    2.76     2.98     2.98     2.76
    3.68     3.95     3.95     3.68
    4.59     4.90     4.90     4.59
    5.50     5.83     5.83     5.50
    6.39     6.74     6.74     6.39
    7.27     7.61     7.61     7.27
    8.13     8.46     8.46     8.13
    8.96     9.28     9.28     8.96
    9.78    10.07    10.07     9.78
   10.57    10.83    10.83    10.57
   11.33    11.57    11.57    11.33
   12.06    12.28    12.28    12.06
   12.76    12.97    12.97    12.76
   13.41    13.64    13.64    13.41
   14.00    14.33    14.33    14.00
   14.57    14.98    14.98    14.57
    5.50     5.82     5.81     5.50
    4.60     4.89     4.89     4.60
    3.69     3.94     3.94     3.69
    2.78     2.97     2.97     2.77
    1.86     1.98     1.99     1.85
    0.93     0.99     1.00     0.93
    0.05     0.04     0.03     0.05
    0.92     1.00     1.00     0.92
    1.84     1.99     1.99     1.84
    2.76     2.98     2.98     2.76
    3.68     3.95     3.95     3.68
    4.59     4.90     4.90     4.59
    5.50     5.83     5.83     5.50
    6.39     6.74     6.73     6.39
    7.27     7.61     7.61     7.27
    8.13     8.46     8.46     8.13
    8.96     9.28     9.28     8.96
    9.78    10.07    10.07     9.78
   10.57    10.83    10.83    10.57
   11.33    11.57    11.57    11.33
   12.06    12.28    12.28    12.06
   12.76    12.97    12.97    12.76
   13.41    13.64    13.64    13.41
   14.00    14.33    14.33    14.00
   14.57    14.98    14.98    14.57
    5.51     5.82     5.82     5.50
    4.60     4.89     4.89     4.60
    3.69     3.94     3.94     3.69
    2.78     2.97     2.97     2.77
    1.86     1.98     1.99     1.85
    0.93     0.99     1.00     0.93
    0.05     0.04     0.03     0.05
    0.92     1.00     1.00     0.92
    1.84     1.99     1.99     1.84
    2.76     2.98     2.98     2.76
    3.68     3.95     3.95     3.68
    4.59     4.90     4.90     4.59
    5.50     5.83     5.83     5.50
    6.39     6.74     6.74     6.39
    7.27     7.61     7.61     7.27
    8.13     8.46     8.46     8.13
    8.96     9.28     9.28     8.96
    9.78    10.07    10.07     9.78
   10.57    10.83    10.83    10.57
   11.33    11.57    11.57    11.33
   12.06    12.28    12.28    12.06
   12.76    12.97    12.97    12.76
   13.41    13.64    13.64    13.41
   14.00    14.33    14.33    14.00
   14.57    14.98    14.98    14.57
    5.50     5.82     5.81     5.50
    4.60     4.89     4.89     4.60
    3.69     3.94     3.94     3.69
    2.78     2.97     2.97     2.77
    1.86     1.98     1.99     1.85
    0.93     0.99     1.00     0.93
    0.05     0.04     0.03     0.05
    0.92     1.00     1.00     0.92
    1.84     1.99     1.99     1.84
    2.76     2.98     2.98     2.76
    3.68     3.95     3.95     3.68
    4.59     4.90     4.90     4.59
    5.50     5.83     5.83     5.50
    6.39     6.74     6.73     6.39
    7.27     7.61     7.61     7.27
    8.13     8.46     8.46     8.13
    8.96     9.28     9.28     8.96
    9.78    10.07    10.07     9.78
   10.57    10.83    10.83    10.57
   11.33    11.57    11.57    11.33
   12.06    12.28    12.28    12.06
   12.76    12.97    12.97    12.76
   13.41    13.64    13.64    13.41
   14.00    14.33    14.33    14.00
   14.57    14.98    14.98    14.57
    5.51     5.82     5.82     5.50
    4.60     4.89     4.89     4.60
    3.69     3.94     3.94     3.69
    2.78     2.97     2.97     2.77
    1.86     1.98     1.99     1.85
    0.93     0.99     1.00     0.93
    0.05     0.04     0.03     0.05
    0.92     1.00     1.00     0.92
    1.84     1.99     1.99     1.84
    2.76     2.98     2.98     2.76
    3.68     3.95     3.95     3.68
    4.59     4.90     4.90     4.59
    5.50     5.83     5.83     5.50
    6.39     6.74     6.74     6.39
    7.27     7.61     7.61     7.27
    8.13     8.46     8.46     8.13
    8.96     9.28     9.28     8.96
    9.78    10.07    10.07     9.78
   10.57    10.83    10.83    10.57
   11.33    11.57    11.57    11.33
   12.06    12.28    12.28    12.06
   12.76    12.97    12.97    12.76
   13.41    13.64    13.64    13.41
   14.00    14.33    14.33    14.00
   14.57    14.98    14.98    14.57
    5.50     5.82     5.81     5.50
    4.60     4.89     4.89     4.60
    3.69     3.94     3.94     3.69
    2.78     2.97     2.97     2.77
    1.86     1.98     1.99     1.85
    0.93     0.99     1.00     0.93
    0.05     0.04     0.03     0.05
    0.92     1.00     1.00     0.92
    1.84     1.99     1.99     1.84
    2.76     2.98     2.98     2.76
    3.68     3.95     3.95     3.68
    4.59     4.90     4.90     4.59
    5.50     5.83     5.83     5.50
    6.39     6.74     6.73     6.39
    7.27     7.61     7.61     7.27
    8.13     8.46     8.46     8.13
    8.96     9.28     9.28     8.96
    9.78    10.07    10.07     9.78
   10.57    10.83    10.83    10.57
   11.33    11.57    11.57    11.33
   12.06    12.28    12.28    12.06
   12.76    12.97    12.97    12.76
   13.41    13.64    13.64    13.41
   14.00    14.33    14.33    14.00
   14.57    14.98    14.98    14.57
    5.51     5.82     5.82     5.50
    4.60     4.89     4.89     4.60
    3.69     3.94     3.94     3.69
    2.78     2.97     2.97     2.77
    1.86     1.98     1.99     1.85
    0.93     0.99     1.00     0.93
    0.05     0.04     0.03     0.05
    0.92     1.00     1.00     0.92
    1.84     1.99     1.99     1.84
    2.76     2.98     2.98     2.76
    3.68     3.95     3.95     3.68
    4.59     4.90     4.90     4.59
    5.50     5.83     5.83     5.50
    6.39     6.74     6.74     6.39
    7.27     7.61     7.61     7.27
    8.13     8.46     8.46     8.13
    8.96     9.28     9.28     8.96
    9.78    10.07    10.07     9.78
   10.57    10.83    10.83    10.57
   11.33    11.57    11.57    11.33
   12.06    12.28    12.28    12.06
   12.76    12.97    12.97    12.76
   13.41    13.64    13.64    13.41
   14.00    14.33    14.33    14.00
   14.57    14.98    14.98    14.57
    5.50     5.82     5.81     5.50
    4.60     4.89     4.89     4.60
    3.69     3.94     3.94     3.69
    2.78     2.97     2.97     2.77
    1.86     1.98     1.99     1.85
    0.93     0.99     1.00     0.93
    0.05     0.04     0.03     0.05
    0.92     1.00     1.00     0.92
    1.84     1.99     1.99     1.84
    2.76     2.98     2.98     2.76
    3.68     3.95     3.95     3.68
    4.59     4.90     4.90     4.59
    5.50     5.83     5.83     5.50
    6.39     6.74     6.73     6.39
    7.27     7.61     7.61     7.27
    8.13     8.46     8.46     8.13
    8.96     9.28     9.28     8.96
    9.78    10.07    10.07     9.78
   10.57    10.83    10.83    10.57
   11.33    11.57    11.57    11.33
   12.06    12.28    12.28    12.06
   12.76    12.97    12.97    12.76
   13.41    13.64    13.64    13.41
   14.00    14.33    14.33    14.00
   14.57    14.98    14.98    14.57
    5.51     5.82     5.82     5.50
    4.60     4.89     4.89     4.60
    3.69     3.94     3.94     3.69
    2.78     2.97     2.97     2.77
    1.86     1.98     1.99     1.85
    0.93     0.99     1.00     0.93
    0.05     0.04     0.03     0.05
    0.92     1.00     1.00     0.92
    1.84     1.99     1.99     1.84
    2.76     2.98     2.98     2.76
    3.68     3.95     3.95     3.68
    4.59     4.90     4.90     4.59
    5.50     5.83     5.83     5.50
    6.39     6.74     6.74     6.39
    7.27     7.61     7.61     7.27
    8.13     8.46     8.46     8.13
    8.96     9.28     9.28     8.96
    9.78    10.07    10.07     9.78
   10.57    10.83    10.83    10.57
   11.33    11.57    11.57    11.33
   12.06    12.28    12.28    12.06
   12.76    12.97    12.97    12.76
   13.41    13.64    13.64    13.41
   14.00    14.33    14.33    14.00
   14.57    14.98    14.98    14.57
    5.50     5.82     5.81     5.50
    4.60     4.89     4.89     4.60
    3.69     3.94     3.94     3.69
    2.78     2.97     2.97     2.77
    1.86     1.98     1.99     1.85
    0.93     0.99     1.00     0.93
    0.05     0.04     0.03     0.05
    0.92     1.00     1.00     0.92
    1.84     1.99     1.99     1.84
    2.76     2.98     2.98     2.76
    3.68     3.95     3.95     3.68
    4.59     4.90     4.90     4.59
    5.50     5.83     5.83     5.50
    6.39     6.74     6.73     6.39
    7.27     7.61     7.61     7.27
    8.13     8.46     8.46     8.13
    8.96     9.28     9.28     8.96
    9.78    10.07    10.07     9.78
   10.57    10.83    10.83    10.57
   11.33    11.57    11.57    11.33
   12.06    12.28    12.28    12.06
   12.76    12.97    12.97    12.76
   13.40    13.67    13.67    13.40
   14.00    14.33    14.33    14.00
   14.57    14.98    14.98    14.57
    5.48     5.73     5.86     5.50
    4.60     4.89     4.89     4.60
    3.69     3.94     3.94     3.69
    2.78     2.97     2.97     2.77
    1.86     1.98     1.99     1.85
    0.93     0.99     1.00     0.93
    0.05     0.04     0.03     0.05
    0.92     1.00     1.00     0.92
    1.84     1.99     1.99     1.84
    2.76     2.98     2.98     2.76
    3.68     3.95     3.95     3.68
    4.59     4.90     4.90     4.59
    5.50     5.83     5.83     5.50
    6.39     6.74     6.74     6.39
    7.27     7.61     7.61     7.27
    8.13     8.46     8.46     8.13
    8.96     9.28     9.28     8.96
    9.78    10.07    10.07     9.78
   10.57    10.83    10.83    10.57
   11.33    11.57    11.57    11.33
   12.06    12.28    12.28    12.06
   12.76    12.97    12.97    12.76
   13.40    13.67    13.67    13.40
   14.00    14.33    14.33    14.00
   14.57    14.98    14.98    14.57
    5.49     5.70     5.94     5.50
    4.60     4.89     4.89     4.60
    3.69     3.94     3.94     3.69
    2.78     2.97     2.97     2.77
    1.86     1.98     1.99     1.85
    0.93     0.99     1.00     0.93
    0.05     0.04     0.03     0.05
    0.92     1.00     1.00     0.92
    1.84     1.99     1.99     1.84
    2.76     2.98     2.98     2.76
    3.68     3.95     3.95     3.68
    4.59     4.90     4.90     4.59
    5.50     5.83     5.83     5.50
    6.39     6.74     6.73     6.39
    7.27     7.61     7.61     7.27
    8.13     8.46     8.46     8.13
    8.96     9.28     9.28     8.96
    9.78    10.07    10.07     9.78
   10.57    10.83    10.83    10.57
   11.33    11.57    11.57    11.33
   12.06    12.28    12.28    12.06
   12.76    12.97    12.97    12.76
   13.40    13.67    13.67    13.40
   14.00    14.33    14.33    14.00
   14.57    14.98    14.98    14.57
    5.50     5.81     5.83     5.50
    4.60     4.89     4.89     4.60
    3.69     3.94     3.94     3.69
    2.78     2.97     2.97     2.77
    1.86     1.99     1.99     1.85
    0.93     0.99     1.00     0.93
    0.04     0.04     0.03     0.05
    0.92     1.00     1.00     0.92
    1.84     1.99     1.99     1.84
    2.76     2.98     2.98     2.76
    3.68     3.95     3.95     3.68
    4.59     4.90     4.90     4.59
    5.50     5.83     5.83     5.50
    6.39     6.74     6.74     6.39
    7.27     7.61     7.61     7.27
    8.13     8.46     8.46     8.13
    8.97     9.28     9.28     8.96
    9.78    10.07    10.07     9.78
   10.57    10.83    10.83    10.57
   11.33    11.57    11.57    11.33
   12.06    12.28    12.28    12.06
   12.76    12.97    12.97    12.76
   13.40    13.67    13.67    13.40
   14.00    14.33    14.33    14.00
   14.57    14.98    14.98    14.57
    5.62     5.71     5.89     5.54
    4.59     4.88     4.88     4.60
    3.69     3.94     3.94     3.69
    2.78     2.97     2.97     2.77
    1.86     1.98     1.99     1.85
    0.93     0.99     1.00     0.93
    0.04     0.03     0.03     0.05
    0.92     1.00     1.00     0.92
    1.84     2.00     1.99     1.84
    2.76     2.98     2.98     2.76
    3.68     3.95     3.95     3.68
    4.59     4.90     4.90     4.59
    5.50     5.83     5.83     5.50
    6.39     6.74     6.74     6.39
    7.27     7.62     7.61     7.27
    8.13     8.46     8.46     8.13
    8.97     9.28     9.28     8.97
    9.78    10.07    10.07     9.78
   10.57    10.83    10.83    10.57
   11.33    11.57    11.57    11.33
   12.06    12.28    12.28    12.06
   12.76    12.97    12.97    12.76
   13.40    13.67    13.67    13.40
   14.00    14.33    14.33    14.00
   14.57    14.98    14.98    14.57
    5.53     5.77     5.84     5.50
    4.60     4.89     4.90     4.60
    3.69     3.93     3.95     3.69
    2.77     2.96     2.98     2.77
    1.85     1.98     2.00     1.85
    0.94     0.98     1.00     0.93
    0.08     0.04     0.03     0.04
    0.92     1.01     0.99     0.92
    1.84     2.01     1.99     1.84
    2.75     2.99     2.97     2.76
    3.67     3.96     3.94     3.68
    4.58     4.92     4.90     4.59
    5.48     5.85     5.83     5.49
    6.37     6.75     6.73     6.38
    7.27     7.62     7.62     7.27
    8.12     8.47     8.47     8.12
    8.96     9.29     9.28     8.96
    9.78    10.08    10.07     9.78
   10.57    10.84    10.84    10.57
   11.33    11.58    11.57    11.33
   12.06    12.29    12.28    12.06
   12.76    12.97    12.97    12.75
   13.39    13.68    13.67    13.39
   14.00    14.34    14.33    14.00
   14.56    14.99    14.98    14.56
    5.48     5.83     5.83     5.49
    4.60     4.89     4.89     4.59
    3.69     3.94     3.94     3.68
    2.77     2.97     2.97     2.77
    1.86     1.98     1.99     1.85
    0.94     0.99     0.99     0.94
    0.07     0.04     0.03     0.08
    0.91     1.01     1.01     0.91
    1.83     2.00     2.00     1.83
    2.75     2.99     2.98     2.75
    3.67     3.96     3.96     3.67
    4.58     4.92     4.91     4.58
    5.48     5.85     5.84     5.48
    6.35     6.72     6.72     6.35
    7.26     7.63     7.62     7.26
    8.12     8.47     8.47     8.12
    8.96     9.29     9.29     8.96
    9.78    10.08    10.08     9.77
   10.57    10.84    10.84    10.56
   11.71    11.50    11.48    11.67
   12.12    12.33    12.31    12.08
   13.09    12.72    12.70    13.04
   13.55    13.64    13.62    13.50
   14.54    13.75    13.72    14.47
   14.34    15.38    15.35    14.27
   14.49    15.95    15.91    14.42
    4.55     4.97     4.96     4.54
    3.75     3.96     3.95     3.74
    2.79     2.96     2.96     2.79
    1.87     1.98     1.98     1.87
    0.93     0.99     1.00     0.92
    0.02     0.13     0.10     0.01
